0.0
5.61819
8.76266
11.90713
24.45054
36.99396
40.13842
52.68184
55.82631
58.97077
71.51419
82.84189
88.38207
98.4168
102.91136
112.94609
122.98082
129.84053
135.38071
139.87527
149.91
185.37138
226.43375
262.30119
292.39603
328.26346
364.1309
392.5
428.36744
460.09504
495.96248
528.47141
556.84051
592.70795
621.07705
649.44615
677.81525
706.18435
734.55346
762.92256
795.63102
831.49846
864.00739
892.37649
920.74559
953.25453
985.76346
1021.6309
1050.0
1042.47395
1038.31882
1030.79277
1023.26672
1015.74067
1010.48111
1005.46375
1000.44638
995.42902
990.77902
985.76165
980.74429
975.72692
970.70955
965.69219
960.67482
955.65746
950.64009
947.87
947.87
947.87
947.87
947.87
947.87
947.87
947.87
947.87
947.87
947.87
947.87
947.87
947.87
947.87
947.87
947.87
952.88737
957.90473
962.9221
967.93947
972.95683
977.9742
982.99156
988.00893
993.0263
998.04366
1003.06103
1008.0784
1013.09576
1018.11313
1023.13049
1028.14786
1033.16523
1038.18259
1043.19996
1048.21733
1053.23469
1058.25206
1063.26942
1068.28679
1073.30416
1078.32152
1083.33889
1088.35625
1093.37362
1098.39099
1103.40835
1108.42572
1113.44309
1118.46045
1123.47782
1128.49518
1133.51255
1138.52992
1143.54728
1148.56465
1153.58202
1158.59938
1163.61675
1168.5601
1168.5601
1168.5601
1168.5601
1168.5601
1168.5601
1168.5601
1168.5601
1168.5601
1168.5601
1168.5601
1168.5601
1168.5601
1168.5601
1168.5601