0.0
-59.74
-119.74
-179.74
-238.75213
-297.76426
-357.76426
-416.77639
-476.77639
-536.77639
-595.78852
-649.08117
-696.76327
-743.97297
-791.76498
-838.97468
-886.18438
-933.7278
-981.4099
-1029.2019
-1076.4116
-1125.22
-1162.19273
-1194.48792
-1231.98078
-1264.27596
-1296.57115
-1335.61787
-1367.91305
-1403.93576
-1436.23095
-1471.55014
-1510.59686
-1542.89205
-1581.93876
-1620.98548
-1660.0322
-1699.07892
-1738.12563
-1777.17235
-1812.31189
-1844.60708
-1879.92627
-1918.97299
-1958.01971
-1993.3389
-2028.6581
-2060.95328
-2100.0
-2135.40728
-2171.16885
-2206.57613
-2241.98341
-2277.39069
-2302.13495
-2325.7398
-2349.34466
-2372.94951
-2396.59297
-2420.19782
-2443.80268
-2467.40753
-2491.01238
-2514.61723
-2538.22209
-2561.82694
-2585.43179
-2609.27284
-2633.40504
-2657.53724
-2681.66944
-2705.80164
-2729.93384
-2754.06603
-2778.19823
-2802.33043
-2826.46263
-2850.59483
-2874.72703
-2898.85923
-2922.99142
-2947.12362
-2971.25582
-2995.38802
-3018.99287
-3042.59773
-3066.20258
-3089.80743
-3113.41228
-3137.01713
-3160.62199
-3184.22684
-3207.83169
-3231.43654
-3255.04139
-3278.64625
-3302.2511
-3325.85595
-3349.4608
-3373.06566
-3396.67051
-3420.27536
-3443.88021
-3467.48507
-3491.08992
-3514.69477
-3538.29962
-3561.90448
-3585.50933
-3609.11418
-3632.71903
-3656.32388
-3679.92874
-3703.53359
-3727.13844
-3750.74329
-3774.34814
-3797.953
-3821.55785
-3845.1627
-3868.76755
-3892.37241
-3915.97726
-3939.58211
-3963.18696
-3986.79182
-4010.39667
-4033.65331
-4033.65331
-4033.65331
-4033.65331
-4033.65331
-4033.65331
-4033.65331
-4033.65331
-4033.65331
-4033.65331
-4033.65331
-4033.65331
-4033.65331
-4033.65331
-4033.65331